0.0 1.0 6.0 1.0 365.68 -17.644 -76.86 -23.89 -0.0016014 -0.00049765 0.0 0.0 0.0 0.0 0.0 0.0 0.0 0.0 0.0 0.0 0.0 1.0 0.0
0.0 2.0 6.0 1.0 502.3 -17.644 -44.87 29.520000000000003 -0.00093491 0.00061498 0.0 0.0 0.0 0.0 0.0 0.0 0.0 0.0 0.0 0.0 0.0 1.0 0.0
0.0 3.0 6.0 1.0 520.76 -17.644 -15.53 46.52 -0.00032364 0.00096916 0.0 0.0 0.0 0.0 0.0 0.0 0.0 0.0 0.0 0.0 0.0 1.0 0.0
0.0 4.0 6.0 1.0 484.29 -17.644 -65.47 70.23 -0.0013639 0.0014632 0.0 0.0 0.0 0.0 0.0 0.0 0.0 0.0 0.0 0.0 0.0 1.0 0.0
0.0 5.0 6.0 1.0 809.44 -17.644 -3.81 29.84 -7.9435e-05 0.00062165 0.0 0.0 0.0 0.0 0.0 0.0 0.0 0.0 0.0 0.0 0.0 1.0 0.0
0.0 6.0 6.0 1.0 154.99 -17.644 68.85 -75.22 0.0014344 -0.0015672 0.0 0.0 0.0 0.0 0.0 0.0 0.0 0.0 0.0 0.0 0.0 1.0 0.0
0.0 7.0 6.0 1.0 131.16 -17.644 -47.75 54.02 -0.00099478 0.0011255 0.0 0.0 0.0 0.0 0.0 0.0 0.0 0.0 0.0 0.0 0.0 1.0 0.0
0.0 8.0 6.0 1.0 529.29 -17.644 53.63 35.89 0.0011173 0.00074782 0.0 0.0 0.0 0.0 0.0 0.0 0.0 0.0 0.0 0.0 0.0 1.0 0.0
0.0 9.0 6.0 1.0 273.43 -17.644 -86.49 65.96 -0.001802 0.0013742 0.0 0.0 0.0 0.0 0.0 0.0 0.0 0.0 0.0 0.0 0.0 1.0 0.0
0.0 10.0 6.0 1.0 287.19 -17.644 43.3 73.22 0.00090207 0.0015255 0.0 0.0 0.0 0.0 0.0 0.0 0.0 0.0 0.0 0.0 0.0 1.0 0.0
0.0 11.0 6.0 1.0 441.86 -17.644 47.24 82.47 0.00098414 0.0017181 0.0 0.0 0.0 0.0 0.0 0.0 0.0 0.0 0.0 0.0 0.0 1.0 0.0
0.0 12.0 6.0 1.0 628.84 -17.644 -33.11 22.81 -0.00068989 0.00047513 0.0 0.0 0.0 0.0 0.0 0.0 0.0 0.0 0.0 0.0 0.0 1.0 0.0
0.0 13.0 6.0 1.0 319.06 -17.644 -21.19 1.38 -0.00044153 2.8837e-05 0.0 0.0 0.0 0.0 0.0 0.0 0.0 0.0 0.0 0.0 0.0 1.0 0.0
0.0 14.0 6.0 1.0 375.02 -17.644 -29.82 -0.59 -0.00062131 -1.2262e-05 0.0 0.0 0.0 0.0 0.0 0.0 0.0 0.0 0.0 0.0 0.0 1.0 0.0
0.0 15.0 6.0 1.0 316.85 -17.644 41.53 75.37 0.00086513 0.0015701 0.0 0.0 0.0 0.0 0.0 0.0 0.0 0.0 0.0 0.0 0.0 1.0 0.0
0.0 16.0 6.0 1.0 770.32 -17.644 -15.079999999999998 45.01 -0.00031417 0.00093782 0.0 0.0 0.0 0.0 0.0 0.0 0.0 0.0 0.0 0.0 0.0 1.0 0.0
0.0 17.0 6.0 1.0 270.04 -17.644 -79.67 -35.24 -0.0016598 -0.0007341 0.0 0.0 0.0 0.0 0.0 0.0 0.0 0.0 0.0 0.0 0.0 1.0 0.0
0.0 18.0 6.0 1.0 233.83 -17.644 -51.35999999999999 -41.74 -0.00107 -0.0008695 0.0 0.0 0.0 0.0 0.0 0.0 0.0 0.0 0.0 0.0 0.0 1.0 0.0
0.0 19.0 6.0 1.0 519.82 -17.644 -41.82 74.86 -0.00087132 0.0015595 0.0 0.0 0.0 0.0 0.0 0.0 0.0 0.0 0.0 0.0 0.0 1.0 0.0
0.0 20.0 6.0 1.0 574.33 -17.644 -40.47 -8.37 -0.00084322 -0.00017436 0.0 0.0 0.0 0.0 0.0 0.0 0.0 0.0 0.0 0.0 0.0 1.0 0.0
0.0 21.0 6.0 1.0 146.15 -17.644 22.64 74.26 0.00047164 0.001547 0.0 0.0 0.0 0.0 0.0 0.0 0.0 0.0 0.0 0.0 0.0 1.0 0.0
0.0 22.0 6.0 1.0 316.69 -17.644 69.43 11.59 0.0014465 0.00024155 0.0 0.0 0.0 0.0 0.0 0.0 0.0 0.0 0.0 0.0 0.0 1.0 0.0
0.0 23.0 6.0 1.0 608.26 -17.644 24.060000000000002 69.31 0.0005013 0.0014441 0.0 0.0 0.0 0.0 0.0 0.0 0.0 0.0 0.0 0.0 0.0 1.0 0.0
0.0 24.0 6.0 1.0 296.92 -17.644 -31.8 62.419999999999995 -0.00066243 0.0013004 0.0 0.0 0.0 0.0 0.0 0.0 0.0 0.0 0.0 0.0 0.0 1.0 0.0
0.0 25.0 6.0 1.0 454.38 -17.644 -18.98 81.77 -0.00039546 0.0017035 0.0 0.0 0.0 0.0 0.0 0.0 0.0 0.0 0.0 0.0 0.0 1.0 0.0
0.0 26.0 6.0 1.0 262.03 -17.644 -43.580000000000005 -1.71 -0.00090787 -3.5744e-05 0.0 0.0 0.0 0.0 0.0 0.0 0.0 0.0 0.0 0.0 0.0 1.0 0.0
0.0 27.0 6.0 1.0 279.12 -17.644 78.97 88.84 0.0016452 0.0018509 0.0 0.0 0.0 0.0 0.0 0.0 0.0 0.0 0.0 0.0 0.0 1.0 0.0
0.0 28.0 6.0 1.0 248.07 -17.644 -32.82 1.96 -0.00068384 4.0899e-05 0.0 0.0 0.0 0.0 0.0 0.0 0.0 0.0 0.0 0.0 0.0 1.0 0.0
0.0 29.0 6.0 1.0 70.193 -17.644 -81.08 -25.25 -0.0016892 -0.00052603 0.0 0.0 0.0 0.0 0.0 0.0 0.0 0.0 0.0 0.0 0.0 1.0 0.0
0.0 30.0 6.0 1.0 372.72 -17.644 -54.03 -23.59 -0.0011256 -0.00049142 0.0 0.0 0.0 0.0 0.0 0.0 0.0 0.0 0.0 0.0 0.0 1.0 0.0
0.0 31.0 6.0 1.0 660.97 -17.644 -34.449999999999996 54.71 -0.00071767 0.0011398 0.0 0.0 0.0 0.0 0.0 0.0 0.0 0.0 0.0 0.0 0.0 1.0 0.0
0.0 32.0 6.0 1.0 612.82 -17.644 -30.18 28.95 -0.00062877 0.00060307 0.0 0.0 0.0 0.0 0.0 0.0 0.0 0.0 0.0 0.0 0.0 1.0 0.0
0.0 33.0 6.0 1.0 549.47 -17.644 -76.31 46.72 -0.0015899 0.00097326 0.0 0.0 0.0 0.0 0.0 0.0 0.0 0.0 0.0 0.0 0.0 1.0 0.0
0.0 34.0 6.0 1.0 255.14 -17.644 -0.38999999999999996 -66.2 -8.0687e-06 -0.0013791 0.0 0.0 0.0 0.0 0.0 0.0 0.0 0.0 0.0 0.0 0.0 1.0 0.0
0.0 35.0 6.0 1.0 263.48 -17.644 -6.2700000000000005 -17.810000000000002 -0.00013071 -0.00037112 0.0 0.0 0.0 0.0 0.0 0.0 0.0 0.0 0.0 0.0 0.0 1.0 0.0
0.0 36.0 6.0 1.0 63.49 -17.644 76.1 -0.38999999999999996 0.0015854 -8.0635e-06 0.0 0.0 0.0 0.0 0.0 0.0 0.0 0.0 0.0 0.0 0.0 1.0 0.0
0.0 37.0 6.0 1.0 165.96 -17.644 77.5 98.28 0.0016146 0.0020474 0.0 0.0 0.0 0.0 0.0 0.0 0.0 0.0 0.0 0.0 0.0 1.0 0.0
0.0 38.0 6.0 1.0 363.61 -17.644 8.72 39.21 0.0001816 0.00081683 0.0 0.0 0.0 0.0 0.0 0.0 0.0 0.0 0.0 0.0 0.0 1.0 0.0
0.0 39.0 6.0 1.0 380.18 -17.644 -88.44 -28.33 -0.0018424 -0.00059011 0.0 0.0 0.0 0.0 0.0 0.0 0.0 0.0 0.0 0.0 0.0 1.0 0.0
0.0 40.0 6.0 1.0 308.89 -17.644 -5.54 -11.709999999999999 -0.00011542 -0.000244 0.0 0.0 0.0 0.0 0.0 0.0 0.0 0.0 0.0 0.0 0.0 1.0 0.0
0.0 41.0 6.0 1.0 397.59 -17.644 -50.9 21.01 -0.0010605 0.00043766 0.0 0.0 0.0 0.0 0.0 0.0 0.0 0.0 0.0 0.0 0.0 1.0 0.0
0.0 42.0 6.0 1.0 569.69 -17.644 -26.76 -13.020000000000001 -0.00055761 -0.00027119 0.0 0.0 0.0 0.0 0.0 0.0 0.0 0.0 0.0 0.0 0.0 1.0 0.0
0.0 43.0 6.0 1.0 146.36 -17.644 30.330000000000002 37.9 0.00063191 0.00078948 0.0 0.0 0.0 0.0 0.0 0.0 0.0 0.0 0.0 0.0 0.0 1.0 0.0
0.0 44.0 6.0 1.0 345.86 -17.644 25.490000000000002 -2.75 0.00053111 -5.7215e-05 0.0 0.0 0.0 0.0 0.0 0.0 0.0 0.0 0.0 0.0 0.0 1.0 0.0
0.0 45.0 6.0 1.0 307.1 -17.644 18.27 48.47 0.00038069 0.0010099 0.0 0.0 0.0 0.0 0.0 0.0 0.0 0.0 0.0 0.0 0.0 1.0 0.0
0.0 46.0 6.0 1.0 259.41 -17.644 55.58 25.34 0.0011579 0.00052782 0.0 0.0 0.0 0.0 0.0 0.0 0.0 0.0 0.0 0.0 0.0 1.0 0.0
0.0 47.0 6.0 1.0 35.311 -17.644 62.89 41.03 0.0013103 0.00085485 0.0 0.0 0.0 0.0 0.0 0.0 0.0 0.0 0.0 0.0 0.0 1.0 0.0
0.0 48.0 6.0 1.0 548.28 -17.644 -61.25000000000001 62.980000000000004 -0.001276 0.0013121 0.0 0.0 0.0 0.0 0.0 0.0 0.0 0.0 0.0 0.0 0.0 1.0 0.0
0.0 49.0 6.0 1.0 404.66 -17.644 -77.86 -17.37 -0.0016221 -0.00036181 0.0 0.0 0.0 0.0 0.0 0.0 0.0 0.0 0.0 0.0 0.0 1.0 0.0
0.0 50.0 6.0 1.0 640.27 -17.644 -12.839999999999998 53.779999999999994 -0.00026748 0.0011205 0.0 0.0 0.0 0.0 0.0 0.0 0.0 0.0 0.0 0.0 0.0 1.0 0.0
0.0 51.0 6.0 1.0 269.38 -17.644 -23.94 49.96 -0.00049878 0.0010409 0.0 0.0 0.0 0.0 0.0 0.0 0.0 0.0 0.0 0.0 0.0 1.0 0.0
0.0 52.0 6.0 1.0 281.64 -17.644 -22.09 -45.43 -0.00046017 -0.00094654 0.0 0.0 0.0 0.0 0.0 0.0 0.0 0.0 0.0 0.0 0.0 1.0 0.0
0.0 53.0 6.0 1.0 237.73 -17.644 78.85 74.3 0.0016427 0.0015479 0.0 0.0 0.0 0.0 0.0 0.0 0.0 0.0 0.0 0.0 0.0 1.0 0.0
0.0 54.0 6.0 1.0 102.14 -17.644 80.36999999999999 76.91 0.0016743 0.0016023 0.0 0.0 0.0 0.0 0.0 0.0 0.0 0.0 0.0 0.0 0.0 1.0 0.0
0.0 55.0 6.0 1.0 536.39 -17.644 -1.73 17.89 -3.6094e-05 0.00037266 0.0 0.0 0.0 0.0 0.0 0.0 0.0 0.0 0.0 0.0 0.0 1.0 0.0
0.0 56.0 6.0 1.0 336.37 -17.644 -54.04 94.39999999999999 -0.0011258 0.0019666 0.0 0.0 0.0 0.0 0.0 0.0 0.0 0.0 0.0 0.0 0.0 1.0 0.0
0.0 57.0 6.0 1.0 279.66 -17.644 51.17 40.29 0.0010661 0.00083938 0.0 0.0 0.0 0.0 0.0 0.0 0.0 0.0 0.0 0.0 0.0 1.0 0.0
0.0 58.0 6.0 1.0 211.75 -17.644 76.28 -54.63 0.0015892 -0.0011381 0.0 0.0 0.0 0.0 0.0 0.0 0.0 0.0 0.0 0.0 0.0 1.0 0.0
0.0 59.0 6.0 1.0 158.67 -17.644 -87.27000000000001 80.84 -0.0018181 0.0016841 0.0 0.0 0.0 0.0 0.0 0.0 0.0 0.0 0.0 0.0 0.0 1.0 0.0
0.0 60.0 6.0 1.0 568.84 -17.644 6.05 11.76 0.00012597 0.00024509 0.0 0.0 0.0 0.0 0.0 0.0 0.0 0.0 0.0 0.0 0.0 1.0 0.0
0.0 61.0 6.0 1.0 211.1 -17.644 -8.110000000000001 -48.449999999999996 -0.00016903 -0.0010094 0.0 0.0 0.0 0.0 0.0 0.0 0.0 0.0 0.0 0.0 0.0 1.0 0.0
0.0 62.0 6.0 1.0 242.31 -17.644 30.04 6.069999999999999 0.00062586 0.0001264 0.0 0.0 0.0 0.0 0.0 0.0 0.0 0.0 0.0 0.0 0.0 1.0 0.0
0.0 63.0 6.0 1.0 158.91 -17.644 71.28 29.92 0.001485 0.00062337 0.0 0.0 0.0 0.0 0.0 0.0 0.0 0.0 0.0 0.0 0.0 1.0 0.0
0.0 64.0 6.0 1.0 243.38 -17.644 0.16999999999999998 -76.68 3.5796e-06 -0.0015975 0.0 0.0 0.0 0.0 0.0 0.0 0.0 0.0 0.0 0.0 0.0 1.0 0.0
0.0 65.0 6.0 1.0 491.3 -17.644 -7.01 -10.76 -0.00014614 -0.00022411 0.0 0.0 0.0 0.0 0.0 0.0 0.0 0.0 0.0 0.0 0.0 1.0 0.0
0.0 66.0 6.0 1.0 451.18 -17.644 62.18 99.00999999999999 0.0012955 0.0020628 0.0 0.0 0.0 0.0 0.0 0.0 0.0 0.0 0.0 0.0 0.0 1.0 0.0
0.0 67.0 6.0 1.0 690.27 -17.644 -5.76 64.86 -0.00011994 0.0013513 0.0 0.0 0.0 0.0 0.0 0.0 0.0 0.0 0.0 0.0 0.0 1.0 0.0
0.0 68.0 6.0 1.0 313.63 -17.644 -41.99 -24.41 -0.00087478 -0.00050846 0.0 0.0 0.0 0.0 0.0 0.0 0.0 0.0 0.0 0.0 0.0 1.0 0.0
0.0 69.0 6.0 1.0 265.42 -17.644 -80.86 -27.860000000000003 -0.0016847 -0.00058041 0.0 0.0 0.0 0.0 0.0 0.0 0.0 0.0 0.0 0.0 0.0 1.0 0.0
0.0 70.0 6.0 1.0 267.22 -17.644 20.66 -49.58 0.00043032 -0.0010328 0.0 0.0 0.0 0.0 0.0 0.0 0.0 0.0 0.0 0.0 0.0 1.0 0.0
0.0 71.0 6.0 1.0 416.87 -17.644 21.61 -9.3 0.00045028 -0.00019378 0.0 0.0 0.0 0.0 0.0 0.0 0.0 0.0 0.0 0.0 0.0 1.0 0.0
0.0 72.0 6.0 1.0 345.5 -17.644 -87.47 -34.89 -0.0018223 -0.00072697 0.0 0.0 0.0 0.0 0.0 0.0 0.0 0.0 0.0 0.0 0.0 1.0 0.0
0.0 73.0 6.0 1.0 312.8 -17.644 -75.97 -20.8 -0.0015826 -0.00043326 0.0 0.0 0.0 0.0 0.0 0.0 0.0 0.0 0.0 0.0 0.0 1.0 0.0
0.0 74.0 6.0 1.0 229.03 -17.644 47.33 26.479999999999997 0.00098602 0.00055159 0.0 0.0 0.0 0.0 0.0 0.0 0.0 0.0 0.0 0.0 0.0 1.0 0.0
0.0 75.0 6.0 1.0 634.75 -17.644 -6.36 51.11 -0.00013249 0.0010648 0.0 0.0 0.0 0.0 0.0 0.0 0.0 0.0 0.0 0.0 0.0 1.0 0.0
0.0 76.0 6.0 1.0 280.84 -17.644 -22.5 -0.38999999999999996 -0.00046877 -8.1024e-06 0.0 0.0 0.0 0.0 0.0 0.0 0.0 0.0 0.0 0.0 0.0 1.0 0.0
0.0 77.0 6.0 1.0 218.16 -17.644 87.71 -15.9 0.0018273 -0.00033116 0.0 0.0 0.0 0.0 0.0 0.0 0.0 0.0 0.0 0.0 0.0 1.0 0.0
0.0 78.0 6.0 1.0 145.84 -17.644 -23.56 -22.939999999999998 -0.00049075 -0.00047786 0.0 0.0 0.0 0.0 0.0 0.0 0.0 0.0 0.0 0.0 0.0 1.0 0.0
0.0 79.0 6.0 1.0 424.72 -17.644 20.200000000000003 10.25 0.00042085 0.00021349 0.0 0.0 0.0 0.0 0.0 0.0 0.0 0.0 0.0 0.0 0.0 1.0 0.0
0.0 80.0 6.0 1.0 162.27 -17.644 34.36 74.5 0.00071574 0.001552 0.0 0.0 0.0 0.0 0.0 0.0 0.0 0.0 0.0 0.0 0.0 1.0 0.0
0.0 81.0 6.0 1.0 182.77 -17.644 -12.47 60.46 -0.00025975 0.0012597 0.0 0.0 0.0 0.0 0.0 0.0 0.0 0.0 0.0 0.0 0.0 1.0 0.0
0.0 82.0 6.0 1.0 648.44 -17.644 2.13 20.74 4.446e-05 0.00043206 0.0 0.0 0.0 0.0 0.0 0.0 0.0 0.0 0.0 0.0 0.0 1.0 0.0
0.0 83.0 6.0 1.0 120.12 -17.644 -31.44 -81.41000000000001 -0.00065496 -0.001696 0.0 0.0 0.0 0.0 0.0 0.0 0.0 0.0 0.0 0.0 0.0 1.0 0.0
0.0 84.0 6.0 1.0 302.66 -17.644 -27.93 -51.11 -0.00058195 -0.0010648 0.0 0.0 0.0 0.0 0.0 0.0 0.0 0.0 0.0 0.0 0.0 1.0 0.0
0.0 85.0 6.0 1.0 163.88 -17.644 36.720000000000006 -36.5 0.0007651 -0.00076048 0.0 0.0 0.0 0.0 0.0 0.0 0.0 0.0 0.0 0.0 0.0 1.0 0.0
0.0 86.0 6.0 1.0 190.38 -17.644 71.34 -8.98 0.0014863 -0.00018712 0.0 0.0 0.0 0.0 0.0 0.0 0.0 0.0 0.0 0.0 0.0 1.0 0.0
0.0 87.0 6.0 1.0 353.06 -17.644 51.239999999999995 29.98 0.0010676 0.00062449 0.0 0.0 0.0 0.0 0.0 0.0 0.0 0.0 0.0 0.0 0.0 1.0 0.0
0.0 88.0 6.0 1.0 271.26 -17.644 15.620000000000001 -42.96 0.00032545 -0.00089493 0.0 0.0 0.0 0.0 0.0 0.0 0.0 0.0 0.0 0.0 0.0 1.0 0.0
0.0 89.0 6.0 1.0 652.73 -17.644 -20.080000000000002 25.259999999999998 -0.00041833 0.00052627 0.0 0.0 0.0 0.0 0.0 0.0 0.0 0.0 0.0 0.0 0.0 1.0 0.0
0.0 90.0 6.0 1.0 130.02 -17.644 35.160000000000004 -74.15 0.00073245 -0.0015448 0.0 0.0 0.0 0.0 0.0 0.0 0.0 0.0 0.0 0.0 0.0 1.0 0.0
0.0 91.0 6.0 1.0 568.59 -17.644 21.63 17.39 0.00045056 0.00036234 0.0 0.0 0.0 0.0 0.0 0.0 0.0 0.0 0.0 0.0 0.0 1.0 0.0
0.0 92.0 6.0 1.0 222.11 -17.644 -49.559999999999995 17.21 -0.0010324 0.00035853 0.0 0.0 0.0 0.0 0.0 0.0 0.0 0.0 0.0 0.0 0.0 1.0 0.0
0.0 93.0 6.0 1.0 371.41 -17.644 1.9900000000000002 59.56 4.1501e-05 0.0012408 0.0 0.0 0.0 0.0 0.0 0.0 0.0 0.0 0.0 0.0 0.0 1.0 0.0
0.0 94.0 6.0 1.0 406.82 -17.644 -25.580000000000002 94.69 -0.00053302 0.0019727 0.0 0.0 0.0 0.0 0.0 0.0 0.0 0.0 0.0 0.0 0.0 1.0 0.0
0.0 95.0 6.0 1.0 590.9 -17.644 -58.050000000000004 -0.04 -0.0012094 -9.0533e-07 0.0 0.0 0.0 0.0 0.0 0.0 0.0 0.0 0.0 0.0 0.0 1.0 0.0
0.0 96.0 6.0 1.0 67.222 -17.644 20.560000000000002 -45.48 0.00042842 -0.00094756 0.0 0.0 0.0 0.0 0.0 0.0 0.0 0.0 0.0 0.0 0.0 1.0 0.0
0.0 97.0 6.0 1.0 19.204 -17.644 -5.050000000000001 70.19 -0.00010532 0.0014624 0.0 0.0 0.0 0.0 0.0 0.0 0.0 0.0 0.0 0.0 0.0 1.0 0.0
0.0 98.0 6.0 1.0 356.15 -17.644 -86.72999999999999 33.45 -0.001807 0.0006968 0.0 0.0 0.0 0.0 0.0 0.0 0.0 0.0 0.0 0.0 0.0 1.0 0.0
0.0 99.0 6.0 1.0 511.12 -17.644 11.05 51.51 0.00023021 0.0010731 0.0 0.0 0.0 0.0 0.0 0.0 0.0 0.0 0.0 0.0 0.0 1.0 0.0
0.0 100.0 6.0 1.0 238.34 -17.644 66.23 40.400000000000006 0.0013798 0.00084166 0.0 0.0 0.0 0.0 0.0 0.0 0.0 0.0 0.0 0.0 0.0 1.0 0.0
